1035	3211
1036	3211
1234	3501
1033	3523
1235	3501
1237	4014
1238	4014
1334	3412
1636	2002
1536	1506
1637	2002
1734	2001
1434	3412
1537	1506
1029	3519
1031	3607
1032	3607
1024	3422
1025	3422
1027	3523
1028	3519
1744	3212
1745	4002
1746	4010
1747	3622
1748	3623
1735	2001
1749	3515
1750	3420
1751	3503
1738	3622
1739	3623
1740	3515
1741	4010
1742	4002
1756	3219
1768	2064
1771	3425
1772	3426
1777	2084
1778	2084
1779	4004
1782	2099
1753	3219
1754	3222
1755	3410
1759	4004
1764	1598
1774	3426
1780	2063
1781	2093
1757	3222
1758	3410
1761	2064
1752	3212
1762	3420
1765	3638
1766	3637
1767	3503
1769	3638
1770	3637
1773	3425
1776	2093
1783	2099
1791	3416
1792	3605
1793	4003
1794	4001
1795	4005
1799	3511
1801	3510
1802	3511
1803	3521
1785	2063
1804	3521
1805	3514
1806	3514
1809	3635
1810	4003
1811	4005
1812	3206
1813	3206
1807	3636
1808	3636
1814	3207
1818	3205
1800	3510
1815	3207
1816	3624
1817	3624
1786	1598
1796	4009
1797	4009
1798	4001
1787	3605
1788	3427
1789	3416
1790	3427
1837	3414
1839	2088
1840	2088
1841	3415
1843	3635
1845	3423
1846	2089
1847	2009
1832	3614
1833	3614
1848	1590
1849	3608
1819	3423
1823	1668
1842	3415
1844	3205
1824	2004
1825	2004
1826	2005
1827	2005
1828	2008
1820	2089
1821	2009
1822	1590
1829	1597
1830	1597
1831	2008
1834	3413
1835	3413
1836	3414
1855	3613
1856	3613
1857	3609
1858	3609
1859	3610
1860	3610
1871	3406
1872	3406
1873	2006
1874	2006
1853	4015
1880	3203
1881	3204
1882	3204
1883	3208
1884	3208
1885	3209
1886	3209
1887	3210
1888	3210
1861	3611
1862	3611
1863	3626
1864	3626
1889	3419
1875	3201
1876	3201
1877	3202
1878	3202
1879	3203
1865	3504
1866	3504
1867	3404
1868	3404
1869	3405
1850	3608
1851	4013
1852	4013
1854	4015
1870	3405
1897	2083
1898	1636
1899	1636
1900	2081
1901	2081
1902	2062
1916	2003
1917	3619
1918	3619
1919	3509
1903	2062
1904	2007
1905	2007
1920	3505
1921	2003
1906	2078
1908	2078
1909	3520
1910	3522
1890	3419
1907	3520
1911	2076
1912	3522
1913	2076
1892	2079
1914	3505
1915	3509
1893	2079
1894	2096
1895	2096
1896	2083
1932	3508
1933	3508
1934	3403
1935	3403
1938	3421
1943	4011
1948	1639
1950	4012
1951	4018
1952	4019
1949	4016
1953	4016
1954	2085
1955	2085
1956	3401
1957	3401
1958	4006
1959	4006
1960	4007
1922	1593
1923	1593
1924	2086
1925	2086
1926	2087
1927	2087
1928	3625
1929	3625
1930	3507
1931	3507
1936	3407
1937	3407
1939	1505
1940	1505
1941	1589
1942	1589
1944	4011
1945	4012
1946	4018
1947	4019
1961	4007
1962	4008
1963	4008
1964	4017
1965	4017
1972	3617
1977	3215
1978	3216
1979	3216
1980	3217
1984	1591
1985	1591
1988	1599
1981	3217
1989	1599
1990	1596
1991	1596
1992	3424
1982	1509
1983	1509
1986	1592
1987	1592
1971	3616
1973	3617
1974	3214
1975	3214
1976	3215
1966	3612
1967	3612
1968	3615
1969	3615
1970	3616
2009	3618
2011	3620
2012	3621
2020	1594
1994	3402
1996	3408
1997	3408
2021	1594
2022	20764
1995	3402
2004	3213
2005	3213
2006	3417
2007	3417
2023	20764
2024	20914
2025	20914
2026	20068
2027	20068
2008	3618
2010	3620
2014	1587
2015	1587
1993	3424
1998	1501
1999	1501
2000	1502
2001	1502
2002	1503
2003	1503
2013	3621
2016	1588
2017	1588
2018	1595
2019	1595
2030	3512
2031	3512
2033	3513
2036	3632
2037	3632
2043	2010
2044	20894
2054	1504
2032	3513
2034	3631
2035	3631
2038	3633
2039	3633
2040	3634
2041	3634
2042	2010
2045	20894
2046	2012
2047	2012
2048	2011
2028	3506
2029	3506
2049	2011
2050	3518
2051	1651
2052	3518
2053	1504
2055	1507
2059	20855
2063	20913
2067	2091
2072	20853
2078	20864
2079	20864
2082	200685
2061	2098
2062	2098
2071	20853
2083	200685
2075	21
2077	20863
2080	200684
2081	200684
2056	1507
2057	20812
2058	20812
2060	20855
2065	20833
2069	20936
2070	20936
2076	20863
2073	20935
2074	20935
2064	20913
2066	20833
2068	2091
2108	1927
2109	1609
2088	6310
2095	1336
2096	1334
2097	1335
2090	1919
2100	1927
2094	1336
2103	1602
2104	1602
2110	1609
2114	4403
2099	1920
2113	4403
2089	6310
2091	1919
2105	1335
2106	1334
2107	1920
2123	1710
2126	1711
2135	20633
2137	3409
2127	1712
2133	1345
2134	20633
2138	3411
2141	209934
2142	208738
2143	208738
2148	209824
2117	6202
2120	6205
2139	3411
2140	209934
2144	20794
2145	20794
2146	208633
2147	208633
2128	1712
2130	1344
2131	1344
2118	6202
2119	6205
2132	1345
2136	3409
2124	1710
2125	1711
2168	4441
2171	1731
2172	1701
2173	1702
2174	1702
2175	1703
2176	1703
2177	1704
2178	1704
2179	1701
2149	209824
2154	6301
2155	6302
2156	4441
2157	4421
2151	1716
2153	1901
2158	1933
2159	1731
2160	1306
2150	1716
2152	4404
2161	1931
2162	1916
2163	1902
2164	4404
2166	4421
2199	1333
2205	1317
2208	1331
2209	1604
2210	1331
2211	1627
2212	1628
2213	1627
2192	6311
2193	6311
2195	1306
2187	1909
2188	1909
2189	1910
2190	1910
2186	1933
2197	1332
2181	6301
2182	1901
2183	1902
2184	1916
2185	1931
2202	1601
2204	1601
2206	1317
2207	1604
2191	6302
2196	1332
2198	1333
2303	1339
2299	1338
2301	1341
2263	1728
2264	1732
2265	1732
2277	1639
2229	1606
2230	1606
2309	1905
2310	1905
2311	1906
2312	1906
2313	1907
2314	1907
2315	6303
2316	6303
2219	4409
2227	1605
2228	1605
2245	1708
2247	1709
2225	4451
2275	1311
2276	1312
2305	1643
2308	1644
2335	6201
2336	6201
2269	1668
2270	1310
2337	6203
2338	6203
2339	6204
2340	6204
2341	6206
2342	6206
2343	1908
2344	1908
2345	1911
2346	1911
2347	1912
2348	1912
2218	4409
2220	1720
2222	1721
2226	4451
2349	1913
2350	1913
2351	1914
2352	1914
2244	1708
2246	1709
2251	2250
2252	1729
2353	1915
2354	1915
2236	1608
2237	1608
2238	4408
2239	1705
2253	1729
2254	1733
2255	1725
2258	1724
2242	1706
2268	1309
2281	1315
2286	13094
2259	1724
2260	1743
2261	1743
2262	1728
2288	1661
2290	13146
2295	1619
2298	1338
2216	4407
2217	4407
2221	1720
2223	1721
2267	1309
2278	1312
2282	1315
2283	1316
2256	1733
2257	1725
2280	1314
2292	1671
2284	1316
2287	1661
2291	1671
2294	1619
2307	1644
2240	4408
2241	1705
2243	1706
2248	1713
2249	1713
2250	1726
2271	1310
2274	1311
2289	13146
2296	1337
2300	1341
2306	1643
2214	1628
2272	1651
2302	1339
2279	1314
2285	13094
2297	1337